# Created by Octave 7.2.0, Wed Nov 23 13:50:26 2022 -03 <reginaldo@fedora>
# name: identModel
# type: scalar struct
# ndims: 2
 1 1
# length: 13
# name: terms
# type: cell
# rows: 4
# columns: 1
# name: <cell-element>
# type: sq_string
# elements: 1
# length: 6
u(k-2)


# name: <cell-element>
# type: sq_string
# elements: 1
# length: 12
u(k-1)y(k-1)


# name: <cell-element>
# type: sq_string
# elements: 1
# length: 6
y(k-1)


# name: <cell-element>
# type: sq_string
# elements: 1
# length: 12
y(k-1)y(k-1)





# name: termIndices
# type: matrix
# rows: 4
# columns: 1
 3
 7
 4
 10


# name: coeff
# type: matrix
# rows: 4
# columns: 1
 0.50000000000000022
 -0.61999999999999977
 0.29999999999999999
 4.2749495050426815e-17


# name: degree
# type: scalar
2


# name: Fs
# type: scalar
100


# name: ESR
# type: scalar
1.1102230246251565e-16


# name: noiseTerms
# type: cell
# rows: 1
# columns: 1
# name: <cell-element>
# type: sq_string
# elements: 1
# length: 12
u(k-2)e(k-1)





# name: noiseTermIndices
# type: scalar
13


# name: noiseCoeff
# type: scalar
-0.10493953527171448


# name: finalCoeff
# type: matrix
# rows: 4
# columns: 1
 0.49999999999999989
 -0.62000000000000011
 0.29999999999999993
 3.0917785408499309e-17


# name: finalNoiseCoeff
# type: scalar
-0.13008835293975737


# name: residue
# type: matrix
# rows: 485
# columns: 1
 2.4286128663675299e-17
 -2.2204460492503131e-16
 -8.3266726846886741e-17
 0
 1.3877787807814457e-17
 1.1102230246251565e-16
 2.2204460492503131e-16
 -2.6367796834847468e-16
 -2.7755575615628914e-17
 0
 0
 -3.3306690738754696e-16
 1.1102230246251565e-16
 0
 -4.4408920985006262e-16
 -4.4408920985006262e-16
 -2.2204460492503131e-16
 -1.1102230246251565e-16
 2.2204460492503131e-16
 -4.4408920985006262e-16
 -4.4408920985006262e-16
 0
 -4.4408920985006262e-16
 2.2204460492503131e-16
 -3.3306690738754696e-16
 5.5511151231257827e-17
 1.1102230246251565e-16
 -5.5511151231257827e-17
 0
 2.2204460492503131e-16
 8.3266726846886741e-17
 0
 5.5511151231257827e-17
 -1.1102230246251565e-16
 -2.2204460492503131e-16
 -8.3266726846886741e-17
 5.5511151231257827e-17
 -4.163336342344337e-17
 -5.5511151231257827e-17
 -2.7755575615628914e-16
 5.5511151231257827e-17
 -1.2490009027033011e-16
 -2.2204460492503131e-16
 4.4408920985006262e-16
 -4.4408920985006262e-16
 -2.7755575615628914e-17
 0
 -1.1102230246251565e-16
 -1.3877787807814457e-17
 2.7755575615628914e-17
 2.2204460492503131e-16
 -2.7755575615628914e-17
 -8.3266726846886741e-17
 -1.1102230246251565e-16
 0
 0
 -8.8817841970012523e-16
 -1.1102230246251565e-16
 0
 0
 2.2204460492503131e-16
 -2.2204460492503131e-16
 0
 -4.4408920985006262e-16
 -2.2204460492503131e-16
 -7.6327832942979512e-17
 5.5511151231257827e-17
 2.7755575615628914e-17
 0
 0
 1.1102230246251565e-16
 0
 -1.3877787807814457e-17
 -5.5511151231257827e-17
 -5.5511151231257827e-17
 0
 -2.2204460492503131e-16
 -2.7755575615628914e-17
 0
 -5.5511151231257827e-17
 -1.1102230246251565e-16
 -2.7755575615628914e-17
 1.1102230246251565e-16
 -1.1102230246251565e-16
 -5.5511151231257827e-17
 0
 -1.1102230246251565e-16
 -1.1102230246251565e-16
 5.5511151231257827e-17
 -1.1102230246251565e-16
 -1.1102230246251565e-16
 -2.2204460492503131e-16
 2.2204460492503131e-16
 2.2204460492503131e-16
 1.3877787807814457e-17
 2.7755575615628914e-17
 -1.1102230246251565e-16
 1.3877787807814457e-16
 0
 1.1102230246251565e-16
 1.1102230246251565e-16
 -6.2450045135165055e-17
 -2.7755575615628914e-17
 1.3877787807814457e-17
 -5.5511151231257827e-17
 -5.5511151231257827e-17
 0
 0
 0
 -2.2204460492503131e-16
 0
 -1.1102230246251565e-16
 -1.1102230246251565e-16
 4.4408920985006262e-16
 -1.1102230246251565e-16
 -2.7755575615628914e-17
 1.3877787807814457e-17
 -1.1102230246251565e-16
 1.1102230246251565e-16
 -1.3877787807814457e-16
 -5.5511151231257827e-17
 0
 2.7755575615628914e-17
 2.7755575615628914e-17
 5.5511151231257827e-17
 1.1102230246251565e-16
 0
 0
 0
 -1.8041124150158794e-16
 -1.1102230246251565e-16
 0
 -2.2204460492503131e-16
 5.5511151231257827e-17
 5.5511151231257827e-17
 0
 0
 -3.4694469519536142e-18
 0
 -3.3306690738754696e-16
 -3.3306690738754696e-16
 1.1102230246251565e-16
 1.6653345369377348e-16
 1.1102230246251565e-16
 -1.1102230246251565e-16
 -5.5511151231257827e-17
 0
 -2.2204460492503131e-16
 2.7755575615628914e-16
 -1.1102230246251565e-16
 -1.5959455978986625e-16
 1.1102230246251565e-16
 1.1102230246251565e-16
 0
 -5.5511151231257827e-17
 -1.1102230246251565e-16
 -1.1102230246251565e-16
 0
 0
 -3.4694469519536142e-16
 0
 0
 1.1102230246251565e-16
 -1.1102230246251565e-16
 0
 0
 4.163336342344337e-17
 -5.5511151231257827e-17
 -4.8572257327350599e-17
 1.1102230246251565e-16
 0
 -3.3306690738754696e-16
 -4.4408920985006262e-16
 -1.3877787807814457e-16
 -2.7755575615628914e-17
 1.1102230246251565e-16
 -2.2204460492503131e-16
 -2.2204460492503131e-16
 -1.1102230246251565e-16
 -1.1102230246251565e-16
 0
 5.5511151231257827e-17
 5.5511151231257827e-17
 -2.7755575615628914e-17
 -5.5511151231257827e-17
 -2.7755575615628914e-17
 2.7755575615628914e-17
 -1.6653345369377348e-16
 -1.1102230246251565e-16
 2.2204460492503131e-16
 1.1102230246251565e-16
 2.7755575615628914e-17
 0
 0
 -1.1102230246251565e-16
 -5.5511151231257827e-17
 -2.7755575615628914e-17
 2.2204460492503131e-16
 2.2204460492503131e-16
 6.2450045135165055e-17
 2.7755575615628914e-17
 -1.1102230246251565e-16
 2.8796409701214998e-16
 -1.6653345369377348e-16
 -6.9388939039072284e-17
 5.5511151231257827e-17
 -1.1102230246251565e-16
 -6.9388939039072284e-17
 5.5511151231257827e-17
 0
 -6.9388939039072284e-17
 0
 -7.6327832942979512e-17
 1.1102230246251565e-16
 1.1102230246251565e-16
 -1.1102230246251565e-16
 -1.1102230246251565e-16
 -4.8572257327350599e-17
 1.3877787807814457e-17
 -6.9388939039072284e-17
 -1.1102230246251565e-16
 5.5511151231257827e-17
 -1.1102230246251565e-16
 -1.6653345369377348e-16
 2.2204460492503131e-16
 2.2204460492503131e-16
 -1.1102230246251565e-16
 -1.1102230246251565e-16
 -1.1102230246251565e-16
 -2.2204460492503131e-16
 4.163336342344337e-17
 -5.5511151231257827e-17
 3.3306690738754696e-16
 -2.7755575615628914e-17
 -6.9388939039072284e-18
 2.7755575615628914e-17
 1.3877787807814457e-17
 -4.163336342344337e-17
 -5.5511151231257827e-17
 5.5511151231257827e-17
 -2.7755575615628914e-17
 -5.5511151231257827e-17
 -2.2204460492503131e-16
 -8.3266726846886741e-17
 1.1102230246251565e-16
 0
 -4.8572257327350599e-17
 0
 0
 0
 -4.4408920985006262e-16
 -2.2204460492503131e-16
 0
 0
 -4.4408920985006262e-16
 0
 -5.5511151231257827e-17
 5.5511151231257827e-17
 1.1102230246251565e-16
 -1.3877787807814457e-16
 -1.1102230246251565e-16
 -1.1102230246251565e-16
 3.3306690738754696e-16
 0
 -1.1102230246251565e-16
 5.5511151231257827e-17
 -1.1102230246251565e-16
 1.457167719820518e-16
 -1.1102230246251565e-16
 2.7755575615628914e-17
 -3.4694469519536142e-17
 -5.5511151231257827e-17
 -5.5511151231257827e-17
 -6.9388939039072284e-18
 2.7755575615628914e-17
 2.2204460492503131e-16
 0
 -1.3877787807814457e-17
 -5.5511151231257827e-17
 1.1102230246251565e-16
 5.5511151231257827e-17
 -1.1102230246251565e-16
 -2.1163626406917047e-16
 -2.2204460492503131e-16
 -2.2204460492503131e-16
 -1.6653345369377348e-16
 2.7755575615628914e-17
 -5.5511151231257827e-17
 0
 2.2204460492503131e-16
 -3.3306690738754696e-16
 -1.1102230246251565e-16
 -2.2204460492503131e-16
 -3.3306690738754696e-16
 3.3306690738754696e-16
 0
 -2.2204460492503131e-16
 -5.5511151231257827e-17
 -1.1102230246251565e-16
 -2.7755575615628914e-17
 2.7755575615628914e-17
 0
 -2.2204460492503131e-16
 -1.457167719820518e-16
 2.7755575615628914e-17
 -5.5511151231257827e-17
 -2.2204460492503131e-16
 -1.1102230246251565e-16
 -2.7755575615628914e-17
 0
 0
 -5.5511151231257827e-17
 2.7755575615628914e-17
 0
 -5.5511151231257827e-17
 0
 5.5511151231257827e-17
 -5.5511151231257827e-17
 -5.5511151231257827e-17
 6.9388939039072284e-18
 -2.7755575615628914e-17
 -1.1102230246251565e-16
 0
 -1.3877787807814457e-16
 5.5511151231257827e-17
 0
